{
 "cells": [
  {
   "cell_type": "markdown",
   "id": "0935aa6c",
   "metadata": {
    "id": "0935aa6c"
   },
   "source": [
    "### Monthly temperature analysis of European cities according to their geographical location\n",
    "\n",
    "The objective of this notebook is to apply the PCA to a database with several variables in order to simplify its analysis and to be able to reach conclusions regarding the nature of the temperature of several European cities"
   ]
  },
  {
   "cell_type": "markdown",
   "id": "dfc500f9",
   "metadata": {
    "id": "dfc500f9"
   },
   "source": [
    "### Imports"
   ]
  },
  {
   "cell_type": "code",
   "execution_count": 4,
   "id": "e3717f80",
   "metadata": {
    "id": "e3717f80"
   },
   "outputs": [],
   "source": [
    "import numpy as np\n",
    "import pandas as pd\n",
    "import matplotlib.pyplot as plt\n",
    "import seaborn as sns\n",
    "from sklearn.preprocessing import StandardScaler\n",
    "#TODO ADD other needed libraries"
   ]
  },
  {
   "cell_type": "markdown",
   "id": "799e8014",
   "metadata": {},
   "source": [
    "Here we take a look at the data, delete the regions column as it is not of interest to us, and store the city names separately to have a num array with the numerical data for analysis."
   ]
  },
  {
   "cell_type": "code",
   "execution_count": 8,
   "id": "cbf34263",
   "metadata": {
    "colab": {
     "base_uri": "https://localhost:8080/",
     "height": 244
    },
    "collapsed": true,
    "executionInfo": {
     "elapsed": 58,
     "status": "ok",
     "timestamp": 1758524625471,
     "user": {
      "displayName": "Jose Alfaro",
      "userId": "05046222622240707773"
     },
     "user_tz": -120
    },
    "id": "cbf34263",
    "outputId": "dbc6e687-af7f-466d-b38f-b1bc584650dd"
   },
   "outputs": [
    {
     "data": {
      "text/html": [
       "<div>\n",
       "<style scoped>\n",
       "    .dataframe tbody tr th:only-of-type {\n",
       "        vertical-align: middle;\n",
       "    }\n",
       "\n",
       "    .dataframe tbody tr th {\n",
       "        vertical-align: top;\n",
       "    }\n",
       "\n",
       "    .dataframe thead th {\n",
       "        text-align: right;\n",
       "    }\n",
       "</style>\n",
       "<table border=\"1\" class=\"dataframe\">\n",
       "  <thead>\n",
       "    <tr style=\"text-align: right;\">\n",
       "      <th></th>\n",
       "      <th>Unnamed: 0</th>\n",
       "      <th>Janvier</th>\n",
       "      <th>Fevrier</th>\n",
       "      <th>Mars</th>\n",
       "      <th>Avril</th>\n",
       "      <th>Mai</th>\n",
       "      <th>Juin</th>\n",
       "      <th>Juillet</th>\n",
       "      <th>Aout</th>\n",
       "      <th>Septembre</th>\n",
       "      <th>Octobre</th>\n",
       "      <th>Novembre</th>\n",
       "      <th>Decembre</th>\n",
       "      <th>Moyenne</th>\n",
       "      <th>Amplitude</th>\n",
       "      <th>Latitude</th>\n",
       "      <th>Longitude</th>\n",
       "      <th>Region</th>\n",
       "    </tr>\n",
       "  </thead>\n",
       "  <tbody>\n",
       "    <tr>\n",
       "      <th>0</th>\n",
       "      <td>Amsterdam</td>\n",
       "      <td>2.9</td>\n",
       "      <td>2.5</td>\n",
       "      <td>5.7</td>\n",
       "      <td>8.2</td>\n",
       "      <td>12.5</td>\n",
       "      <td>14.8</td>\n",
       "      <td>17.1</td>\n",
       "      <td>17.1</td>\n",
       "      <td>14.5</td>\n",
       "      <td>11.4</td>\n",
       "      <td>7.0</td>\n",
       "      <td>4.4</td>\n",
       "      <td>9.9</td>\n",
       "      <td>14.6</td>\n",
       "      <td>52.2</td>\n",
       "      <td>4.5</td>\n",
       "      <td>Ouest</td>\n",
       "    </tr>\n",
       "    <tr>\n",
       "      <th>1</th>\n",
       "      <td>Athenes</td>\n",
       "      <td>9.1</td>\n",
       "      <td>9.7</td>\n",
       "      <td>11.7</td>\n",
       "      <td>15.4</td>\n",
       "      <td>20.1</td>\n",
       "      <td>24.5</td>\n",
       "      <td>27.4</td>\n",
       "      <td>27.2</td>\n",
       "      <td>23.8</td>\n",
       "      <td>19.2</td>\n",
       "      <td>14.6</td>\n",
       "      <td>11.0</td>\n",
       "      <td>17.8</td>\n",
       "      <td>18.3</td>\n",
       "      <td>37.6</td>\n",
       "      <td>23.5</td>\n",
       "      <td>Sud</td>\n",
       "    </tr>\n",
       "    <tr>\n",
       "      <th>2</th>\n",
       "      <td>Berlin</td>\n",
       "      <td>-0.2</td>\n",
       "      <td>0.1</td>\n",
       "      <td>4.4</td>\n",
       "      <td>8.2</td>\n",
       "      <td>13.8</td>\n",
       "      <td>16.0</td>\n",
       "      <td>18.3</td>\n",
       "      <td>18.0</td>\n",
       "      <td>14.4</td>\n",
       "      <td>10.0</td>\n",
       "      <td>4.2</td>\n",
       "      <td>1.2</td>\n",
       "      <td>9.1</td>\n",
       "      <td>18.5</td>\n",
       "      <td>52.3</td>\n",
       "      <td>13.2</td>\n",
       "      <td>Ouest</td>\n",
       "    </tr>\n",
       "    <tr>\n",
       "      <th>3</th>\n",
       "      <td>Bruxelles</td>\n",
       "      <td>3.3</td>\n",
       "      <td>3.3</td>\n",
       "      <td>6.7</td>\n",
       "      <td>8.9</td>\n",
       "      <td>12.8</td>\n",
       "      <td>15.6</td>\n",
       "      <td>17.8</td>\n",
       "      <td>17.8</td>\n",
       "      <td>15.0</td>\n",
       "      <td>11.1</td>\n",
       "      <td>6.7</td>\n",
       "      <td>4.4</td>\n",
       "      <td>10.3</td>\n",
       "      <td>14.4</td>\n",
       "      <td>50.5</td>\n",
       "      <td>4.2</td>\n",
       "      <td>Ouest</td>\n",
       "    </tr>\n",
       "    <tr>\n",
       "      <th>4</th>\n",
       "      <td>Budapest</td>\n",
       "      <td>-1.1</td>\n",
       "      <td>0.8</td>\n",
       "      <td>5.5</td>\n",
       "      <td>11.6</td>\n",
       "      <td>17.0</td>\n",
       "      <td>20.2</td>\n",
       "      <td>22.0</td>\n",
       "      <td>21.3</td>\n",
       "      <td>16.9</td>\n",
       "      <td>11.3</td>\n",
       "      <td>5.1</td>\n",
       "      <td>0.7</td>\n",
       "      <td>10.9</td>\n",
       "      <td>23.1</td>\n",
       "      <td>47.3</td>\n",
       "      <td>19.0</td>\n",
       "      <td>Est</td>\n",
       "    </tr>\n",
       "  </tbody>\n",
       "</table>\n",
       "</div>"
      ],
      "text/plain": [
       "  Unnamed: 0  Janvier  Fevrier  Mars  Avril   Mai  Juin  Juillet  Aout  \\\n",
       "0  Amsterdam      2.9      2.5   5.7    8.2  12.5  14.8     17.1  17.1   \n",
       "1    Athenes      9.1      9.7  11.7   15.4  20.1  24.5     27.4  27.2   \n",
       "2     Berlin     -0.2      0.1   4.4    8.2  13.8  16.0     18.3  18.0   \n",
       "3  Bruxelles      3.3      3.3   6.7    8.9  12.8  15.6     17.8  17.8   \n",
       "4   Budapest     -1.1      0.8   5.5   11.6  17.0  20.2     22.0  21.3   \n",
       "\n",
       "   Septembre  Octobre  Novembre  Decembre  Moyenne  Amplitude  Latitude  \\\n",
       "0       14.5     11.4       7.0       4.4      9.9       14.6      52.2   \n",
       "1       23.8     19.2      14.6      11.0     17.8       18.3      37.6   \n",
       "2       14.4     10.0       4.2       1.2      9.1       18.5      52.3   \n",
       "3       15.0     11.1       6.7       4.4     10.3       14.4      50.5   \n",
       "4       16.9     11.3       5.1       0.7     10.9       23.1      47.3   \n",
       "\n",
       "   Longitude Region  \n",
       "0        4.5  Ouest  \n",
       "1       23.5    Sud  \n",
       "2       13.2  Ouest  \n",
       "3        4.2  Ouest  \n",
       "4       19.0    Est  "
      ]
     },
     "execution_count": 8,
     "metadata": {},
     "output_type": "execute_result"
    }
   ],
   "source": [
    "temperature_df =pd.read_csv('../data/temperatures.csv')\n",
    "temperature_df.head()\n"
   ]
  },
  {
   "cell_type": "code",
   "execution_count": 4,
   "id": "KlkkRq1xNnTX",
   "metadata": {
    "id": "KlkkRq1xNnTX"
   },
   "outputs": [],
   "source": [
    "first_column = temperature_df.iloc[:,0]\n",
    "observations = temperature_df.iloc[:,1:]\n",
    "observations.head()\n",
    "observations =observations.drop('Region', axis=1)"
   ]
  },
  {
   "cell_type": "markdown",
   "id": "6f5f56f4",
   "metadata": {
    "id": "6f5f56f4"
   },
   "source": [
    "### 2. Exploring the Data\n",
    "\n",
    "Once the data for the PCA has been imported and selected, begin with a preliminary analysis to identify relationships between the variables."
   ]
  },
  {
   "cell_type": "markdown",
   "id": "71c987fb",
   "metadata": {},
   "source": [
    "Now we are going to look for relationships between variables at a glance. We also use functions such as corr() from DataFrame and heatMap() from the seaborn library.\n",
    "We also used scatter_matrix() function from pandas.plotting to display scatter plots for all pairs of numerical variables\n",
    "To finilly identify which variables are the most strongly correlated"
   ]
  },
  {
   "cell_type": "code",
   "execution_count": 69,
   "id": "4ca0183e",
   "metadata": {
    "colab": {
     "base_uri": "https://localhost:8080/",
     "height": 571
    },
    "collapsed": true,
    "executionInfo": {
     "elapsed": 24,
     "status": "ok",
     "timestamp": 1758525077109,
     "user": {
      "displayName": "Jose Alfaro",
      "userId": "05046222622240707773"
     },
     "user_tz": -120
    },
    "id": "4ca0183e",
    "outputId": "032890f4-1ff1-4123-c725-bed8c5fec855"
   },
   "outputs": [
    {
     "data": {
      "text/html": [
       "<div>\n",
       "<style scoped>\n",
       "    .dataframe tbody tr th:only-of-type {\n",
       "        vertical-align: middle;\n",
       "    }\n",
       "\n",
       "    .dataframe tbody tr th {\n",
       "        vertical-align: top;\n",
       "    }\n",
       "\n",
       "    .dataframe thead th {\n",
       "        text-align: right;\n",
       "    }\n",
       "</style>\n",
       "<table border=\"1\" class=\"dataframe\">\n",
       "  <thead>\n",
       "    <tr style=\"text-align: right;\">\n",
       "      <th></th>\n",
       "      <th>Janvier</th>\n",
       "      <th>Fevrier</th>\n",
       "      <th>Mars</th>\n",
       "      <th>Avril</th>\n",
       "      <th>Mai</th>\n",
       "      <th>Juin</th>\n",
       "      <th>Juillet</th>\n",
       "      <th>Aout</th>\n",
       "      <th>Septembre</th>\n",
       "      <th>Octobre</th>\n",
       "      <th>Novembre</th>\n",
       "      <th>Decembre</th>\n",
       "      <th>Moyenne</th>\n",
       "      <th>Amplitude</th>\n",
       "      <th>Latitude</th>\n",
       "      <th>Longitude</th>\n",
       "    </tr>\n",
       "  </thead>\n",
       "  <tbody>\n",
       "    <tr>\n",
       "      <th>Janvier</th>\n",
       "      <td>1.000000</td>\n",
       "      <td>0.990001</td>\n",
       "      <td>0.955844</td>\n",
       "      <td>0.831300</td>\n",
       "      <td>0.635780</td>\n",
       "      <td>0.565348</td>\n",
       "      <td>0.573917</td>\n",
       "      <td>0.644986</td>\n",
       "      <td>0.814065</td>\n",
       "      <td>0.911908</td>\n",
       "      <td>0.967044</td>\n",
       "      <td>0.994137</td>\n",
       "      <td>0.911452</td>\n",
       "      <td>-0.763089</td>\n",
       "      <td>-0.650342</td>\n",
       "      <td>-0.498882</td>\n",
       "    </tr>\n",
       "    <tr>\n",
       "      <th>Fevrier</th>\n",
       "      <td>0.990001</td>\n",
       "      <td>1.000000</td>\n",
       "      <td>0.979253</td>\n",
       "      <td>0.880420</td>\n",
       "      <td>0.692374</td>\n",
       "      <td>0.623886</td>\n",
       "      <td>0.623093</td>\n",
       "      <td>0.691115</td>\n",
       "      <td>0.850174</td>\n",
       "      <td>0.929664</td>\n",
       "      <td>0.972954</td>\n",
       "      <td>0.982678</td>\n",
       "      <td>0.936229</td>\n",
       "      <td>-0.713358</td>\n",
       "      <td>-0.721498</td>\n",
       "      <td>-0.500490</td>\n",
       "    </tr>\n",
       "    <tr>\n",
       "      <th>Mars</th>\n",
       "      <td>0.955844</td>\n",
       "      <td>0.979253</td>\n",
       "      <td>1.000000</td>\n",
       "      <td>0.945430</td>\n",
       "      <td>0.795911</td>\n",
       "      <td>0.720413</td>\n",
       "      <td>0.716400</td>\n",
       "      <td>0.779523</td>\n",
       "      <td>0.910234</td>\n",
       "      <td>0.964201</td>\n",
       "      <td>0.973382</td>\n",
       "      <td>0.956523</td>\n",
       "      <td>0.971231</td>\n",
       "      <td>-0.597919</td>\n",
       "      <td>-0.813760</td>\n",
       "      <td>-0.488616</td>\n",
       "    </tr>\n",
       "    <tr>\n",
       "      <th>Avril</th>\n",
       "      <td>0.831300</td>\n",
       "      <td>0.880420</td>\n",
       "      <td>0.945430</td>\n",
       "      <td>1.000000</td>\n",
       "      <td>0.943402</td>\n",
       "      <td>0.888344</td>\n",
       "      <td>0.862399</td>\n",
       "      <td>0.895226</td>\n",
       "      <td>0.968357</td>\n",
       "      <td>0.962006</td>\n",
       "      <td>0.922261</td>\n",
       "      <td>0.851011</td>\n",
       "      <td>0.971558</td>\n",
       "      <td>-0.331647</td>\n",
       "      <td>-0.924644</td>\n",
       "      <td>-0.333542</td>\n",
       "    </tr>\n",
       "    <tr>\n",
       "      <th>Mai</th>\n",
       "      <td>0.635780</td>\n",
       "      <td>0.692374</td>\n",
       "      <td>0.795911</td>\n",
       "      <td>0.943402</td>\n",
       "      <td>1.000000</td>\n",
       "      <td>0.973487</td>\n",
       "      <td>0.941597</td>\n",
       "      <td>0.938789</td>\n",
       "      <td>0.940246</td>\n",
       "      <td>0.876671</td>\n",
       "      <td>0.789824</td>\n",
       "      <td>0.676723</td>\n",
       "      <td>0.884352</td>\n",
       "      <td>-0.030682</td>\n",
       "      <td>-0.912342</td>\n",
       "      <td>-0.137209</td>\n",
       "    </tr>\n",
       "    <tr>\n",
       "      <th>Juin</th>\n",
       "      <td>0.565348</td>\n",
       "      <td>0.623886</td>\n",
       "      <td>0.720413</td>\n",
       "      <td>0.888344</td>\n",
       "      <td>0.973487</td>\n",
       "      <td>1.000000</td>\n",
       "      <td>0.983711</td>\n",
       "      <td>0.964775</td>\n",
       "      <td>0.928095</td>\n",
       "      <td>0.833464</td>\n",
       "      <td>0.736768</td>\n",
       "      <td>0.608702</td>\n",
       "      <td>0.844274</td>\n",
       "      <td>0.087196</td>\n",
       "      <td>-0.874470</td>\n",
       "      <td>-0.061870</td>\n",
       "    </tr>\n",
       "    <tr>\n",
       "      <th>Juillet</th>\n",
       "      <td>0.573917</td>\n",
       "      <td>0.623093</td>\n",
       "      <td>0.716400</td>\n",
       "      <td>0.862399</td>\n",
       "      <td>0.941597</td>\n",
       "      <td>0.983711</td>\n",
       "      <td>1.000000</td>\n",
       "      <td>0.986772</td>\n",
       "      <td>0.931957</td>\n",
       "      <td>0.837789</td>\n",
       "      <td>0.738564</td>\n",
       "      <td>0.617054</td>\n",
       "      <td>0.848467</td>\n",
       "      <td>0.090879</td>\n",
       "      <td>-0.847200</td>\n",
       "      <td>-0.070565</td>\n",
       "    </tr>\n",
       "    <tr>\n",
       "      <th>Aout</th>\n",
       "      <td>0.644986</td>\n",
       "      <td>0.691115</td>\n",
       "      <td>0.779523</td>\n",
       "      <td>0.895226</td>\n",
       "      <td>0.938789</td>\n",
       "      <td>0.964775</td>\n",
       "      <td>0.986772</td>\n",
       "      <td>1.000000</td>\n",
       "      <td>0.961172</td>\n",
       "      <td>0.885200</td>\n",
       "      <td>0.792694</td>\n",
       "      <td>0.680596</td>\n",
       "      <td>0.894804</td>\n",
       "      <td>-0.006178</td>\n",
       "      <td>-0.871231</td>\n",
       "      <td>-0.130728</td>\n",
       "    </tr>\n",
       "    <tr>\n",
       "      <th>Septembre</th>\n",
       "      <td>0.814065</td>\n",
       "      <td>0.850174</td>\n",
       "      <td>0.910234</td>\n",
       "      <td>0.968357</td>\n",
       "      <td>0.940246</td>\n",
       "      <td>0.928095</td>\n",
       "      <td>0.931957</td>\n",
       "      <td>0.961172</td>\n",
       "      <td>1.000000</td>\n",
       "      <td>0.974605</td>\n",
       "      <td>0.922166</td>\n",
       "      <td>0.840775</td>\n",
       "      <td>0.978107</td>\n",
       "      <td>-0.255392</td>\n",
       "      <td>-0.894231</td>\n",
       "      <td>-0.255237</td>\n",
       "    </tr>\n",
       "    <tr>\n",
       "      <th>Octobre</th>\n",
       "      <td>0.911908</td>\n",
       "      <td>0.929664</td>\n",
       "      <td>0.964201</td>\n",
       "      <td>0.962006</td>\n",
       "      <td>0.876671</td>\n",
       "      <td>0.833464</td>\n",
       "      <td>0.837789</td>\n",
       "      <td>0.885200</td>\n",
       "      <td>0.974605</td>\n",
       "      <td>1.000000</td>\n",
       "      <td>0.980690</td>\n",
       "      <td>0.934266</td>\n",
       "      <td>0.995338</td>\n",
       "      <td>-0.447152</td>\n",
       "      <td>-0.849798</td>\n",
       "      <td>-0.342043</td>\n",
       "    </tr>\n",
       "    <tr>\n",
       "      <th>Novembre</th>\n",
       "      <td>0.967044</td>\n",
       "      <td>0.972954</td>\n",
       "      <td>0.973382</td>\n",
       "      <td>0.922261</td>\n",
       "      <td>0.789824</td>\n",
       "      <td>0.736768</td>\n",
       "      <td>0.738564</td>\n",
       "      <td>0.792694</td>\n",
       "      <td>0.922166</td>\n",
       "      <td>0.980690</td>\n",
       "      <td>1.000000</td>\n",
       "      <td>0.981533</td>\n",
       "      <td>0.975879</td>\n",
       "      <td>-0.592480</td>\n",
       "      <td>-0.784080</td>\n",
       "      <td>-0.387003</td>\n",
       "    </tr>\n",
       "    <tr>\n",
       "      <th>Decembre</th>\n",
       "      <td>0.994137</td>\n",
       "      <td>0.982678</td>\n",
       "      <td>0.956523</td>\n",
       "      <td>0.851011</td>\n",
       "      <td>0.676723</td>\n",
       "      <td>0.608702</td>\n",
       "      <td>0.617054</td>\n",
       "      <td>0.680596</td>\n",
       "      <td>0.840775</td>\n",
       "      <td>0.934266</td>\n",
       "      <td>0.981533</td>\n",
       "      <td>1.000000</td>\n",
       "      <td>0.928595</td>\n",
       "      <td>-0.720842</td>\n",
       "      <td>-0.678789</td>\n",
       "      <td>-0.457995</td>\n",
       "    </tr>\n",
       "    <tr>\n",
       "      <th>Moyenne</th>\n",
       "      <td>0.911452</td>\n",
       "      <td>0.936229</td>\n",
       "      <td>0.971231</td>\n",
       "      <td>0.971558</td>\n",
       "      <td>0.884352</td>\n",
       "      <td>0.844274</td>\n",
       "      <td>0.848467</td>\n",
       "      <td>0.894804</td>\n",
       "      <td>0.978107</td>\n",
       "      <td>0.995338</td>\n",
       "      <td>0.975879</td>\n",
       "      <td>0.928595</td>\n",
       "      <td>1.000000</td>\n",
       "      <td>-0.439047</td>\n",
       "      <td>-0.861312</td>\n",
       "      <td>-0.364569</td>\n",
       "    </tr>\n",
       "    <tr>\n",
       "      <th>Amplitude</th>\n",
       "      <td>-0.763089</td>\n",
       "      <td>-0.713358</td>\n",
       "      <td>-0.597919</td>\n",
       "      <td>-0.331647</td>\n",
       "      <td>-0.030682</td>\n",
       "      <td>0.087196</td>\n",
       "      <td>0.090879</td>\n",
       "      <td>-0.006178</td>\n",
       "      <td>-0.255392</td>\n",
       "      <td>-0.447152</td>\n",
       "      <td>-0.592480</td>\n",
       "      <td>-0.720842</td>\n",
       "      <td>-0.439047</td>\n",
       "      <td>1.000000</td>\n",
       "      <td>0.123516</td>\n",
       "      <td>0.553255</td>\n",
       "    </tr>\n",
       "    <tr>\n",
       "      <th>Latitude</th>\n",
       "      <td>-0.650342</td>\n",
       "      <td>-0.721498</td>\n",
       "      <td>-0.813760</td>\n",
       "      <td>-0.924644</td>\n",
       "      <td>-0.912342</td>\n",
       "      <td>-0.874470</td>\n",
       "      <td>-0.847200</td>\n",
       "      <td>-0.871231</td>\n",
       "      <td>-0.894231</td>\n",
       "      <td>-0.849798</td>\n",
       "      <td>-0.784080</td>\n",
       "      <td>-0.678789</td>\n",
       "      <td>-0.861312</td>\n",
       "      <td>0.123516</td>\n",
       "      <td>1.000000</td>\n",
       "      <td>0.281711</td>\n",
       "    </tr>\n",
       "    <tr>\n",
       "      <th>Longitude</th>\n",
       "      <td>-0.498882</td>\n",
       "      <td>-0.500490</td>\n",
       "      <td>-0.488616</td>\n",
       "      <td>-0.333542</td>\n",
       "      <td>-0.137209</td>\n",
       "      <td>-0.061870</td>\n",
       "      <td>-0.070565</td>\n",
       "      <td>-0.130728</td>\n",
       "      <td>-0.255237</td>\n",
       "      <td>-0.342043</td>\n",
       "      <td>-0.387003</td>\n",
       "      <td>-0.457995</td>\n",
       "      <td>-0.364569</td>\n",
       "      <td>0.553255</td>\n",
       "      <td>0.281711</td>\n",
       "      <td>1.000000</td>\n",
       "    </tr>\n",
       "  </tbody>\n",
       "</table>\n",
       "</div>"
      ],
      "text/plain": [
       "            Janvier   Fevrier      Mars     Avril       Mai      Juin  \\\n",
       "Janvier    1.000000  0.990001  0.955844  0.831300  0.635780  0.565348   \n",
       "Fevrier    0.990001  1.000000  0.979253  0.880420  0.692374  0.623886   \n",
       "Mars       0.955844  0.979253  1.000000  0.945430  0.795911  0.720413   \n",
       "Avril      0.831300  0.880420  0.945430  1.000000  0.943402  0.888344   \n",
       "Mai        0.635780  0.692374  0.795911  0.943402  1.000000  0.973487   \n",
       "Juin       0.565348  0.623886  0.720413  0.888344  0.973487  1.000000   \n",
       "Juillet    0.573917  0.623093  0.716400  0.862399  0.941597  0.983711   \n",
       "Aout       0.644986  0.691115  0.779523  0.895226  0.938789  0.964775   \n",
       "Septembre  0.814065  0.850174  0.910234  0.968357  0.940246  0.928095   \n",
       "Octobre    0.911908  0.929664  0.964201  0.962006  0.876671  0.833464   \n",
       "Novembre   0.967044  0.972954  0.973382  0.922261  0.789824  0.736768   \n",
       "Decembre   0.994137  0.982678  0.956523  0.851011  0.676723  0.608702   \n",
       "Moyenne    0.911452  0.936229  0.971231  0.971558  0.884352  0.844274   \n",
       "Amplitude -0.763089 -0.713358 -0.597919 -0.331647 -0.030682  0.087196   \n",
       "Latitude  -0.650342 -0.721498 -0.813760 -0.924644 -0.912342 -0.874470   \n",
       "Longitude -0.498882 -0.500490 -0.488616 -0.333542 -0.137209 -0.061870   \n",
       "\n",
       "            Juillet      Aout  Septembre   Octobre  Novembre  Decembre  \\\n",
       "Janvier    0.573917  0.644986   0.814065  0.911908  0.967044  0.994137   \n",
       "Fevrier    0.623093  0.691115   0.850174  0.929664  0.972954  0.982678   \n",
       "Mars       0.716400  0.779523   0.910234  0.964201  0.973382  0.956523   \n",
       "Avril      0.862399  0.895226   0.968357  0.962006  0.922261  0.851011   \n",
       "Mai        0.941597  0.938789   0.940246  0.876671  0.789824  0.676723   \n",
       "Juin       0.983711  0.964775   0.928095  0.833464  0.736768  0.608702   \n",
       "Juillet    1.000000  0.986772   0.931957  0.837789  0.738564  0.617054   \n",
       "Aout       0.986772  1.000000   0.961172  0.885200  0.792694  0.680596   \n",
       "Septembre  0.931957  0.961172   1.000000  0.974605  0.922166  0.840775   \n",
       "Octobre    0.837789  0.885200   0.974605  1.000000  0.980690  0.934266   \n",
       "Novembre   0.738564  0.792694   0.922166  0.980690  1.000000  0.981533   \n",
       "Decembre   0.617054  0.680596   0.840775  0.934266  0.981533  1.000000   \n",
       "Moyenne    0.848467  0.894804   0.978107  0.995338  0.975879  0.928595   \n",
       "Amplitude  0.090879 -0.006178  -0.255392 -0.447152 -0.592480 -0.720842   \n",
       "Latitude  -0.847200 -0.871231  -0.894231 -0.849798 -0.784080 -0.678789   \n",
       "Longitude -0.070565 -0.130728  -0.255237 -0.342043 -0.387003 -0.457995   \n",
       "\n",
       "            Moyenne  Amplitude  Latitude  Longitude  \n",
       "Janvier    0.911452  -0.763089 -0.650342  -0.498882  \n",
       "Fevrier    0.936229  -0.713358 -0.721498  -0.500490  \n",
       "Mars       0.971231  -0.597919 -0.813760  -0.488616  \n",
       "Avril      0.971558  -0.331647 -0.924644  -0.333542  \n",
       "Mai        0.884352  -0.030682 -0.912342  -0.137209  \n",
       "Juin       0.844274   0.087196 -0.874470  -0.061870  \n",
       "Juillet    0.848467   0.090879 -0.847200  -0.070565  \n",
       "Aout       0.894804  -0.006178 -0.871231  -0.130728  \n",
       "Septembre  0.978107  -0.255392 -0.894231  -0.255237  \n",
       "Octobre    0.995338  -0.447152 -0.849798  -0.342043  \n",
       "Novembre   0.975879  -0.592480 -0.784080  -0.387003  \n",
       "Decembre   0.928595  -0.720842 -0.678789  -0.457995  \n",
       "Moyenne    1.000000  -0.439047 -0.861312  -0.364569  \n",
       "Amplitude -0.439047   1.000000  0.123516   0.553255  \n",
       "Latitude  -0.861312   0.123516  1.000000   0.281711  \n",
       "Longitude -0.364569   0.553255  0.281711   1.000000  "
      ]
     },
     "execution_count": 69,
     "metadata": {},
     "output_type": "execute_result"
    }
   ],
   "source": [
    "observations.corr()\n",
    "\n",
    "#pd.plotting.scatter_matrix(observations)\n"
   ]
  },
  {
   "cell_type": "code",
   "execution_count": null,
   "id": "xX5GYxzaRhvJ",
   "metadata": {
    "colab": {
     "base_uri": "https://localhost:8080/",
     "height": 515
    },
    "collapsed": true,
    "executionInfo": {
     "elapsed": 1172,
     "status": "ok",
     "timestamp": 1758525277640,
     "user": {
      "displayName": "Jose Alfaro",
      "userId": "05046222622240707773"
     },
     "user_tz": -120
    },
    "id": "xX5GYxzaRhvJ",
    "outputId": "53df4c88-fc24-4dee-9d2d-7d7769094929"
   },
   "outputs": [
    {
     "data": {
      "text/plain": [
       "<Axes: >"
      ]
     },
     "execution_count": 31,
     "metadata": {},
     "output_type": "execute_result"
    },
    {
     "data": {
